10000
2965
3705
-4479
4405
3599
-2778
-2765
-2396
-3514
-3
-3718
-4057
-2344
4558
3522
3110
287
-3959
-2914
687
3979
2522
-1700
3074
-547
-2341
4267
-1985
-435
-2188
-1908
-3645
4203
-3330
-4158
400
-1734
-4690
-3546
1379
1641
4837
-4710
-236
1224
-1225
2813
1538
-1703
70
3887
-2322
1764
46
1769
-455
2162
-4186
-3930
4593
244
-1897
525
-4552
-2573
-1383
-4079
70
-2160
4146
-4388
-1694
-4222
582
-592
4630
-1185
1470
267
581
-4545
-4995
-4377
153
-942
514
-2330
2401
-3993
-925
-2632
-3734
2485
2633
-543
4750
278
4365
2810
-4346
-3671
-3445
-3871
163
1720
698
-1353
2724
-4538
1461
-1655
3739
-1925
-3409
-2423
-4318
-617
-2752
-2253
-3386
3921
-1435
-4689
-940
3903
3810
-3764
-2658
1669
2050
3703
3002
-4284
-4653
172
-445
-2885
2082
2938
4644
-1999
-590
-1826
-1724
-3791
4272
4590
-1575
4409
-831
3671
551
-2524
4238
1059
3481
3150
213
-4964
-2274
-706
-575
-4649
-4754
1332
4416
-1495
-2784
803
23
-822
4314
-1612
2168
-3414
2228
-1883
3372
75
-1137
-462
-4845
2320
701
379
-757
-2961
-1133
3118
-1497
-995
-1744
-1273
4577
938
-3875
1800
-719
-3427
-749
-1839
306
2065
1099
-3649
-2947
-1246
-2786
-1825
3543
317
-2252
1876
-1190
4365
4345
-3684
-2992
-4207
-3237
-377
4657
4633
-2472
-4623
-2535
-4636
-4961
1635
3132
2671
1985
4248
-1988
4537
-1263
-666
-4579
1985
1602
-3280
-3961
79
-774
1031
-2886
1084
4431
745
-703
1854
1583
-3227
-2101
-4411
-2579
-1170
-3830
-4655
-3641
1957
-3099
-3212
-795
-2694
-1150
131
-2575
2046
-1683
-4092
-1613
4421
-1079
-3845
1707
-2292
-805
-2278
3175
-4331
-571
1683
-4033
2413
229
4794
3183
4345
-642
1147
-4419
4636
535
-1686
-1620
-2105
-2801
-3187
-2160
1958
-3475
-3737
-1177
-335
-286
2819
-1794
4039
4374
2145
314
4040
-3799
2609
4537
259
-3032
-4064
-1372
-2665
2373
-685
3544
3760
2612
-495
846
3781
1273
-3742
1844
3317
-1322
-603
770
2627
4622
-2646
4929
-1817
-1543
-268
96
2535
2954
-460
-4447
2114
3993
3
2524
3342
629
-214
-640
-2978
1144
-4043
4788
-618
-681
-6
4039
-2903
1600
2516
-2608
3714
3638
3688
-3631
2046
1185
-2112
1536
-1429
867
-4718
-97
-4603
4417
-1188
-209
-2256
4468
1546
1705
-3425
1664
687
-2131
2045
4025
4521
4320
-3749
1660
2792
1661
-1585
1609
-4399
4349
-3518
-1029
325
3392
-1061
-3666
-4892
3685
-3269
-1091
-2933
2816
-898
-4368
-1653
3131
3332
-3514
3835
2088
-2518
-3140
-3467
-4114
-3119
812
4079
-169
-3473
-189
-3342
-2407
716
1739
-3366
-4637
-2736
3347
-1548
-4351
-526
3619
-4256
-3499
-1580
-3419
-1629
1368
-333
2334
592
1007
-4719
-3673
-727
-349
1188
-1762
1405
4544
-3014
4847
-4875
1217
-1840
-328
-4048
3204
3883
2398
-1908
1794
-1610
-4757
-317
3711
2333
-1040
-4967
-4684
-2581
-4101
-3096
-4316
-1036
465
3595
860
-120
-365
-152
3081
-2137
3161
-868
-3537
-1399
-273
-3290
1929
3759
94
-2452
3714
1789
1265
-3496
4966
-4551
-1843
-1220
-4718
4591
3174
3404
2985
-4669
-281
-1214
-2199
655
1314
-3138
2017
-176
-72
3574
1425
1407
-375
2125
4316
-2104
4991
-518
3821
-1643
572
528
2333
139
2995
-3790
4956
4111
230
2795
2589
-851
4657
4081
-2170
761
4098
-3461
1915
-653
1110
3741
-3080
476
-4870
1492
-4670
4652
-186
2027
-3224
4986
2756
-332
-2422
-1570
4443
-1959
-1572
-80
-4670
4102
-4700
-2594
3470
-4969
-704
-60
-416
-511
-3246
796
3414
3930
1689
-4097
-1963
-2786
1564
-556
-2235
727
4547
3603
-2186
285
-3623
2720
-2689
-3953
3559
1897
4935
667
61
-2455
-4
4099
4024
-3626
4342
3856
2331
1496
3892
-181
-4809
-1816
1770
-4516
-965
-241
-1576
4086
-2621
3614
995
-3914
4923
2116
-3344
1506
4971
-829
-2500
2554
4407
-124
750
2861
4328
3018
4024
-1573
4286
2713
-2554
-137
3255
774
-2027
-4072
-1835
2864
3439
4444
-2382
-189
-3828
-3648
-944
4855
-1760
-2784
-1482
-2032
3641
-1610
-676
3951
4337
2764
-207
-922
4333
-953
-4107
-4491
-2503
739
4269
4912
3955
-3726
-2875
-3338
-637
-1865
234
-865
1635
1456
3647
3415
-4141
-2996
-1882
-2160
2704
3770
4029
2370
-127
-4673
456
-1342
824
636
-2372
3575
-1130
2893
3913
4667
829
1096
3423
4625
-4045
4518
-292
-4361
-1779
935
-4426
-4308
3809
-3932
3748
-4628
3546
-902
-3502
-3614
-1918
-4791
-4275
231
-1200
3310
4347
-3093
4930
-2314
-2517
1578
-435
466
-448
1119
3009
-4945
1482
495
-4743
1018
3715
-1416
820
4480
3985
100
-140
-1393
4727
-1059
-4287
-4830
-1668
-4867
4494
77
-75
-2412
2619
326
-3053
1404
-102
-841
-4486
3567
3125
-4115
-2690
190
-4683
1763
-4229
4696
3450
-333
2149
-2106
204
668
4015
579
2347
1453
-1657
426
2804
-3805
585
3152
-708
-4229
-3343
-3074
-4232
-2069
-4308
2540
3612
-635
-215
-2095
-1845
-2334
2109
1160
946
-1761
3464
4902
708
-1508
4992
3867
4332
-2171
-1828
-2458
-3668
-3430
-1073
3427
-2257
3362
-2381
-1159
-2846
3181
-2018
-2690
-281
2329
763
2805
-4380
2492
-1410
500
-442
3555
-2814
605
-2908
2133
2774
991
1907
4656
599
-397
-1186
-291
-1203
2530
-495
1190
2294
255
-4802
-4550
-2709
-1142
-1145
-2060
43
-754
-3184
4341
-1138
-2866
4012
-3560
548
4689
152
-496
3111
-2885
2376
-2607
1315
218
-1238
1595
-4534
3240
-1502
2723
98
1426
197
1715
-3028
-4417
4573
2876
106
-2843
-357
4643
-3274
4554
3824
-4601
-3416
2726
-531
2224
179
-4951
1064
4741
-123
3897
1825
707
-3342
-230
3246
-363
3742
1647
1809
3262
2171
3237
-1202
1642
-2134
-4142
-1443
3364
4139
-490
4627
-1902
-2412
4878
1966
2632
2727
-4318
4805
4076
-1294
-2559
-2032
-2709
1027
-4634
-858
4749
2721
-2172
-2194
596
-3203
1089
1669
1899
-4277
3357
2739
11
4483
-2329
4324
-3056
-3804
-4419
-3762
3482
4311
4034
-2183
-3496
-2739
-3022
-2636
1608
-346
1540
4973
3316
1981
-4078
1519
-3605
-1898
-2291
-1178
4181
991
1254
-4921
-3471
-1272
2251
3182
4581
-1932
561
3885
-2280
233
-1080
-4491
4619
3678
-783
2978
-39
-400
-4641
-1589
-964
3703
120
-803
4109
265
825
-2909
2131
-263
-1351
-575
3838
3637
-4020
3077
2391
37
-1938
-4177
-1503
3464
-2842
-4733
-2300
3
1072
4592
1574
4784
1914
86
1659
-2805
3810
-4235
3532
-2260
1109
-2359
-3164
-2870
-793
2955
-4340
3136
4981
4184
-5
-3670
1233
-3598
2789
4804
-4303
-505
-4683
292
774
-1838
-4312
1082
-4390
3383
3605
-3464
3709
-4890
4476
3307
4646
-2191
-4008
1115
1826
332
595
78
-4826
2997
-870
4583
-2334
-745
4169
-4422
-3871
2404
2687
930
1965
-146
-479
1204
4786
3888
2803
-1537
353
-4478
4955
-3044
413
96
-378
-3381
4476
560
3636
3912
3554
4259
-2850
-877
-4515
3400
2439
-2203
2820
1205
1190
-2659
3877
-1070
1823
3779
-2695
-805
1309
-909
-4706
-629
-4674
4084
-1405
-2306
618
-4162
3785
-3329
-4066
-4789
-3405
-4412
3830
2975
1498
-1656
4557
2240
-3359
-26
-2874
1849
-116
-1445
-242
4089
-813
-877
-159
102
-3770
398
-3060
-2534
-1478
1788
-3846
-4488
-36
4108
-3828
-644
2449
-740
4558
-4528
3428
13
-1894
-3544
4497
-2079
-1929
76
4310
-4546
-3228
2551
4508
905
544
-62
-4896
3071
-4348
993
-1780
4005
-2833
-1085
3159
-4043
4778
4898
269
-3327
2222
4862
-4697
-1368
2840
3934
-2321
4650
-373
-3663
2202
3175
2700
1886
-1680
-1681
-1083
-4171
3856
-1806
2021
-1449
-2880
3098
-3174
4055
4059
-3120
-3773
-4299
-4516
-20
-4226
4849
-3077
2036
-3385
2093
3065
-974
-4830
4055
-4792
3906
2711
3619
-3736
-2337
2884
-242
3917
4110
2048
3004
2834
1095
-4288
-4511
2415
4180
-2281
-3604
4371
-2523
-2796
-1416
3242
2016
-2448
1455
2869
3673
-1550
-2397
3375
-3644
2805
3556
3943
-2048
-1134
-2592
-365
-3696
2149
-3701
1862
436
-4019
3167
4411
2959
3482
-3796
-3005
-2760
1947
-3112
2151
-1755
-4033
4718
-1697
-3690
2408
-819
-2079
-2128
-2324
-959
-1617
4429
1480
1050
3781
3689
-3958
1831
4373
-2949
-994
-2692
-973
586
-2099
-4999
3797
4809
-3379
-200
-4304
928
4687
-849
-3598
-833
-1307
-4258
-2490
-3369
3751
295
-3671
2001
3760
-1345
4817
-1029
1261
-3448
-3549
-4199
-4768
-759
-3505
3075
-4635
-2531
-4079
-3627
3452
-1366
4018
-4652
515
1369
-2772
4165
-120
-910
-1278
4061
-4028
-1575
4316
-3711
2084
-2773
868
18
-2423
1334
725
-4905
-3565
-632
-1810
-1371
-1365
3293
-1593
-160
2295
3521
-1886
818
-2981
1871
3453
1558
-1941
-1023
-4001
-2958
4070
1547
2047
-787
-1906
4236
-2398
-4698
2905
2924
1219
335
4804
-3543
-2753
-2594
-1167
-2683
3604
-1063
3379
-2365
4547
4767
4449
4129
4344
-4567
-340
-2512
-4787
-3985
-4193
-2134
-767
1107
1302
-4286
659
-3970
1104
921
-1245
-4244
1962
-1307
-3704
-4784
-4183
1148
-415
-1558
105
2882
-3490
3391
-1482
4822
266
-2730
665
766
4835
-2519
-1062
-3129
4056
2485
-4050
2454
-462
-3329
499
3124
4893
2651
-4084
-3961
3770
3441
4781
965
2339
582
-685
1196
-1780
2042
1724
-4931
-3029
-409
-3803
-3684
-346
-3566
3078
-1723
2141
2910
-3316
426
-434
3241
-2162
-3044
4546
2741
-1784
-3481
-2969
-3888
4325
2691
-3824
-1262
1331
243
1852
1106
3814
2827
410
-3398
4820
2272
-4666
2390
3806
1811
1495
4904
-436
-3658
3162
2435
-578
3598
2241
-3144
-4485
-499
-2101
-6
-329
4724
3317
-2782
4522
707
3760
241
-4132
1961
1333
4921
-2815
-3453
-2331
-3566
4543
2022
-2353
-1006
-563
2557
3500
-690
-2310
1705
-4807
-3676
-3253
3683
-3139
-350
-1579
-3837
-1256
-3032
3662
3372
20
563
4615
-2122
1487
206
1579
-2835
4841
1865
4958
2061
3173
62
2947
4152
1780
3948
-428
-762
1096
2104
669
-1946
2906
-3696
-984
-129
-3894
-2655
3105
3193
-400
583
59
-4476
2051
-712
1650
-1342
-726
1244
-2847
-4290
-4229
4250
-4555
-319
-2806
-3633
2454
1649
2437
1237
890
-3806
1276
-1247
165
4542
-2187
-484
4837
4527
656
1458
410
3930
3386
3869
3469
-4683
829
-4026
2996
2718
-351
1770
-1850
585
1574
428
4076
318
-4179
-1692
1272
3549
-2093
214
-2217
-2709
4297
-3000
-4351
-2344
-2307
4624
315
-398
2691
4332
4209
3275
2041
-1754
-4316
-3025
-738
1647
1369
-3313
-321
4114
2194
-3717
1065
1278
4787
1560
2579
-1974
3194
-1500
3665
-8
-4035
2177
-578
-176
-1738
-3243
2988
-1922
727
3143
1458
-2903
316
153
109
-4694
117
-698
-929
2827
-454
3138
2039
2318
3234
2338
-964
-2592
4807
-670
807
67
-67
4615
4519
2578
-4578
3948
1090
-3910
3011
1795
3352
3897
-3475
4961
1383
-3296
4733
2576
-2225
2601
2898
-3706
-2989
-1579
3170
-1978
-4014
2396
-1956
411
121
33
1783
-4364
-55
-2866
2286
4290
-3116
-2729
4780
-1774
-3411
3012
4440
4635
-4620
4827
-441
3223
3402
-4772
4940
346
-1132
-4068
3480
-394
-4925
828
2553
1050
4464
-4756
3172
137
3949
2410
275
1014
-1613
708
-4784
1495
4497
-4857
4084
-3042
3089
-4326
953
-1993
4950
-2360
-1598
-1820
221
1608
-3002
3979
1876
-3491
4422
-393
-1203
853
3825
152
4062
1240
-1019
3087
-834
-1535
-1346
-1270
-1808
451
-1127
-101
-736
-3083
4429
3640
4700
-2206
-1578
1724
2718
-1306
2991
-2309
1713
-245
14
-211
-2386
-267
-3878
3085
3806
-3063
2417
4286
182
-767
-4912
-2922
4151
-3794
1491
4725
-3649
945
-1030
3331
3874
1285
-731
3361
441
2756
3096
2760
-4735
3224
3428
-1601
-2653
-1502
-1330
-760
377
-71
-3145
3132
-28
358
-2924
3562
137
-1943
1981
-840
623
303
-2747
-696
-258
-1991
3934
-4555
-2772
-712
3035
268
1938
4772
-4139
-205
1476
-3651
3024
-1793
-1422
1694
924
-4794
27
1017
3638
-2988
-3067
-4467
-984
2050
3641
3972
-1581
1669
-4862
2769
-4358
-2735
-3003
2168
2090
1114
3604
2071
4291
4246
335
2018
-2267
3162
-3181
4175
-545
-1232
2056
3186
552
-3755
-4491
78
3381
-3020
1328
-2895
-2163
3531
497
-2986
2511
87
3678
3875
505
2974
1217
-856
-3916
-4838
-1784
305
-4162
-4600
-2797
2179
-432
-784
2592
-4576
-2060
-1541
-4342
1643
1386
-1227
2181
541
4035
-4282
-3572
3451
-488
-338
910
4403
2508
3838
-367
4370
4292
3463
1943
1023
4287
-2130
2286
2624
1607
-2048
-4045
-1244
714
4939
-4818
4857
-2722
2974
-722
-1917
1527
4209
-387
-2532
72
3577
3225
4100
-3834
-109
-4406
-677
-3290
3248
3207
4305
-256
-287
3477
-3819
-3087
2529
-2695
4009
4162
228
4360
-4375
2038
-4743
341
1397
-2712
-4698
1381
62
-130
3602
2663
1666
2104
-1116
-3127
4781
-48
1098
-858
-608
-4449
-3132
-1736
3909
4754
-185
-3299
1531
-2214
-2471
1750
-2690
1172
302
-2424
-566
3133
3211
-4409
3262
4287
-1409
-4983
-103
-944
1877
-4062
2947
-2726
-3327
4509
1949
-621
3688
-2778
1961
-2818
-3846
-4015
-2238
4577
-4596
-2555
2232
2441
-1578
-410
-197
4172
3233
4302
-498
-568
-871
-1224
-1542
727
2136
-1974
-2072
1423
-4140
-4663
-545
3106
4622
1704
-1161
888
-1633
1000
958
4998
-4966
2550
-2438
-2046
1677
-152
1416
-338
1950
-2661
762
2210
-4033
1815
-1281
2433
-3577
2652
1639
-925
-2331
2040
1605
1244
-325
-2999
721
4819
-1777
3092
-4093
735
-4474
-2029
4969
2973
-4719
1817
4479
4532
1640
1034
3307
-345
4527
-1650
2665
-3894
-3030
603
1975
-788
-2308
446
1235
3746
3952
2962
-672
-886
2365
-4834
4573
-866
-2367
4833
3277
2316
3392
-3964
-2553
1934
-4760
-2965
-2701
-1622
-3286
-681
-730
4792
4761
-4541
-2205
-2578
-4378
2597
-44
-197
2326
2217
-752
-1274
-3222
-2184
2210
1413
-167
183
-2959
2391
-93
-3959
-2989
2157
-2313
-495
-932
-243
-1193
1946
-735
-972
-1106
-3736
2936
4116
-1761
-2371
-3227
1124
-2856
1272
-1427
-2721
-2205
2450
-3844
-3822
3896
-2444
1668
-1318
-3127
-3502
4750
694
4560
2387
-4201
138
-114
4891
4124
-4040
4026
-3103
-4636
2201
-2752
-2202
2487
2190
751
4890
-1000
3453
-3438
-1198
4712
1324
1739
-4229
1987
3162
358
-98
-745
-2509
-2106
452
-1719
4040
-2585
-4179
-874
3577
-435
-1252
557
-4840
-1437
4603
313
3227
4573
-4220
-2615
4077
2201
-4859
3006
3092
-101
4249
3066
-378
-3913
98
1426
-4072
3128
3953
-1195
3734
-946
-1900
1440
-3113
-3336
87
1886
4571
-1692
1411
-3107
-2308
-2366
536
-4628
2206
-3730
-4993
-4576
4896
-3135
-1570
161
-291
4702
-3488
-1269
1897
-1693
2430
4383
759
3784
960
-673
2168
1572
4434
2777
1554
1632
1588
-4000
1705
1341
-4528
-3031
-4866
1622
2042
-4680
4379
4007
638
618
-2828
-3216
-1546
-4114
-117
4711
-4616
-3508
3804
3564
-1484
3914
1282
1378
-76
-2747
3072
-679
671
-605
-4459
3697
-4515
1240
3867
-3439
1645
2359
-848
-2791
2410
2749
-1791
3190
410
2350
-4886
1911
-3011
-2784
3915
2447
-1760
-4669
-2985
154
4446
4691
-2461
-1985
-3210
-706
586
-4240
-721
-4897
-419
-1692
3952
-4229
-1669
1809
-1555
3712
-3214
-1625
-2878
542
1632
-2523
2768
4070
690
-4064
2581
-447
-2298
-857
1779
-859
-894
4191
1313
-924
232
-1967
62
4207
-1979
-3916
2275
1234
1953
-5000
4779
2715
-1783
1198
-4657
-195
-3858
-4283
-765
135
1183
2108
-1316
3621
1778
-4321
1041
-4678
-3650
-2852
1265
-4403
1132
2908
-908
-2303
-1563
2119
994
-3412
3744
-4931
2872
4585
2033
-4523
3221
1375
239
1864
1482
734
1164
2194
464
2937
-4347
-4621
-1481
4857
3180
-3154
-3415
-258
-2987
3514
2521
-2435
-3574
-1733
-1087
105
3937
-4348
1960
-3494
-922
-3062
4978
-1483
558
-3054
-4699
-2437
-3360
1845
3095
4796
-3587
-1258
-432
-4352
-3707
731
2091
739
-3904
1872
-2141
4038
-47
-1911
-2832
-4259
-1834
-2103
2217
-560
-4833
-3599
-4316
410
1627
4293
-4322
-630
-3335
4806
2008
4766
4304
-1722
-4166
2592
4852
-4584
1343
-4519
-1869
2651
2371
4453
349
2099
-3576
-448
4464
4708
4007
-1608
4941
-2517
-4074
3353
-4147
4571
3842
83
3159
-1361
-1082
-406
3284
4949
-1760
1702
241
4133
2770
-544
127
-831
1376
-3960
-4296
135
-1388
-3662
3683
149
1990
2763
-4782
2403
2743
-2416
3757
1651
-393
-4353
-3668
702
-96
1893
-498
4058
2342
4217
-1173
89
-2314
221
3081
4231
641
2183
-2424
923
-2615
4217
2333
4462
-3321
-4457
-4375
1234
-320
-1519
-2179
-2191
3655
770
-1494
2644
-1345
1055
1861
4473
-4369
-3731
-2745
4249
1945
-742
-1525
2900
2995
-2036
3913
-161
455
-3816
-369
2375
-2385
2886
4090
-2611
-129
-158
2559
837
4796
-258
-1377
-1316
4711
1633
-3822
-3487
2899
-92
-3868
-3939
4590
-1173
-3144
3643
-2046
-1579
-2556
919
-2882
-390
4024
-2477
3704
1146
-2824
1646
-4212
-606
4671
-316
710
3667
3288
-1112
2559
2554
3904
-69
-1856
-4920
-3456
1849
-2814
135
4018
-3987
4490
114
2160
1096
-2621
-812
1469
-628
4377
-2463
2345
2710
4178
-1460
3733
-1506
-2014
-2272
4197
824
2487
4879
4133
3504
1017
-3517
-4254
2627
2318
39
-4259
-3875
1414
-4333
2311
-1033
-4536
3507
-3278
-1306
-1291
711
2589
624
-2045
12
3269
3491
1316
4576
425
531
-946
2266
-4143
3932
-4502
-1347
3538
-1509
-762
1508
-647
-3989
617
-2663
1644
2273
336
2919
-1755
1745
-2186
-2899
-2385
4564
3286
4085
3139
698
-1537
-2242
-157
-4595
-4654
4872
3523
-2571
-4737
-3509
2395
4896
2200
958
3552
3716
3609
803
1651
-3339
4121
-4654
4257
2196
3024
2881
344
1316
3049
1613
-3079
826
4680
1546
791
-2820
2977
4585
1729
-1832
208
-3815
466
-4510
-809
1011
-4956
-2726
-4484
2874
-2122
2084
-1675
4464
2401
4999
294
-4296
3767
-1069
-2577
4556
-4788
4994
3687
-4076
-652
4950
-3204
465
-4589
1865
1817
-2235
1561
4113
4425
-168
1591
1876
-4671
509
-2299
4800
-658
-2816
3505
-910
3149
-878
679
-1874
-1866
-4526
-4211
1147
1621
-1740
-3923
3692
-4941
4441
2395
-3780
-4627
2934
-2019
688
2590
-4106
-4117
1700
-1498
2383
2646
528
3889
1079
4935
-2282
4784
-2141
-2995
-82
3052
-874
-19
2097
4320
-2025
-3010
-699
4589
4750
4948
1895
-4666
4533
3899
-2932
-172
2845
-3881
3063
-3412
3123
-2455
2932
1589
1090
2344
836
-2375
72
-2788
1814
-3896
585
215
-1139
511
-2391
3202
-3819
1101
-1139
2644
4948
-2459
3168
-1969
2172
-1100
-1569
-3954
-2355
-2923
-4504
2397
1374
-3885
-4886
3192
-4880
-886
-2756
-502
4832
-1951
1144
1619
-848
1083
3946
2073
-3263
517
1695
690
1965
-1876
346
3632
4120
-1081
-788
-3702
4575
2713
-4729
-3554
470
3765
3475
-273
-2860
4361
-312
-960
1521
691
-336
-887
4116
444
624
4085
-108
1603
-2087
1715
3124
1112
650
1020
1377
-3159
-4983
1975
-363
-2813
4309
-1809
4328
1670
-4110
2655
-4776
2071
-4344
2102
219
1954
3854
3159
3742
3165
-1051
124
-3873
-106
-763
1167
1763
-2373
-1740
-3661
-3416
-4039
-3261
-938
-1256
1989
2512
-4523
-1460
2084
-893
-4350
3692
-4808
-703
-1014
-1073
876
-1906
1001
4054
4879
1271
987
-3860
791
2879
1560
-3001
-2181
3891
-4695
2627
3714
3875
-459
2850
-2831
-1694
-1737
-180
-3421
-1211
3500
-1272
-56
-3753
-788
2485
-860
98
-1565
-4084
3852
2265
-4877
3581
-4197
387
3273
686
-2102
-4224
-4946
2461
-2145
3534
-4950
-1520
818
2578
-680
1233
-1513
3143
-3235
4469
3362
2967
3391
3671
2528
882
3329
4830
-734
3079
1833
1403
710
-3740
1550
-3370
4522
-2157
-1182
-1749
-4813
-4622
-473
1588
2752
-2680
4873
-4653
-1517
-3801
4691
4248
4639
-1984
-2976
3001
-1086
-3188
-4433
-2258
4479
2297
3003
143
4118
4007
1915
-2900
-613
-3760
-3170
1520
-1630
1558
-4210
839
-942
-597
-575
2711
-2666
-403
-4587
-2543
1454
-1831
-1941
1669
-3818
-3955
1488
1928
-3004
-2679
-2154
-1270
-684
-4788
415
-4883
-3937
-2055
1937
-643
-1990
2858
-1043
-2844
1944
4155
4568
-683
2878
4307
-1761
1571
1454
1060
-1761
3965
2069
4878
1207
-3440
2359
2576
-584
-4936
3291
-700
2869
-2726
3512
-1751
4665
-3440
4717
-1805
3791
-4047
-2806
-3485
3038
-321
-3404
1360
-1673
3295
891
-3302
-3961
-3635
3146
-436
1525
-3646
4724
-3742
-4512
-4395
4424
-1549
2960
-1977
760
-1572
-1032
2162
-4660
-4781
1038
4032
-4429
919
-4028
-305
1990
-4744
2358
4601
567
2577
2628
-659
4367
-3012
-2598
2227
1358
-983
-3381
-4202
1675
-1101
-662
3411
1507
-3095
-3924
-2427
1639
-1428
-4447
-4939
-3574
3067
-3786
-1360
-990
1766
4737
4655
15
-1289
1264
3676
-2260
1859
3325
-4904
2769
2544
-3593
-1262
-1584
4147
780
-2928
-3359
2185
-993
-3827
4992
-4269
-3363
-4284
-3376
-2807
2640
-129
-205
1649
-4421
144
2511
-1554
1884
-1578
4025
-474
-4302
-3008
2124
2253
1097
-1033
2859
2122
60
-4038
4533
4450
-2661
1769
3818
2958
451
370
-4300
616
-3770
-1785
-1194
144
3843
-3101
-3042
2422
-4895
928
1097
3962
1309
3934
2755
4480
300
-4691
3419
-74
3730
2951
2478
-1350
-3811
960
-777
-1172
1918
776
3101
1907
-2833
-2562
-1125
-4685
-3470
4235
4123
-617
41
-3380
4265
-511
-4769
3967
355
-364
2743
4818
1756
4684
2766
-347
-853
3809
-3486
4362
-3427
25
1431
1071
-2667
380
138
865
-1592
1377
1987
1937
-1333
-2790
-1992
-497
-2137
-1538
2077
201
-2141
3408
1772
2223
1544
-2330
1568
4547
644
-2664
-2824
-1499
-3628
114
-3561
4229
3969
2723
-4725
-3313
981
3039
4951
-4612
-3678
-4109
-2898
-1908
-4741
4064
-873
1455
3655
-2566
3713
-583
3326
-61
2146
-41
-285
-907
-2460
1975
1365
-218
798
3057
-3657
-1211
-531
-331
-2540
-852
1069
88
2834
-4675
-1943
-389
145
3372
4965
2215
3834
-3333
-4787
-2795
-3312
141
2050
2969
-2793
1254
2627
4421
497
-2378
-3672
-3044
788
-2231
65
764
-3018
3028
-2201
-2460
-1166
-2489
-4714
998
-3466
937
-4316
1283
1019
-3788
-2543
40
-113
-1551
-1144
-4246
3733
3602
171
-2108
4486
-863
-3825
-4913
-4064
1363
-4584
4505
-617
4274
1243
2717
-3224
829
4904
4940
-4855
-3552
906
819
476
1602
3964
-717
1395
2393
2716
4965
-1036
3540
2381
-2763
-4691
-475
2528
3724
-498
-509
1350
778
-4590
-4906
-3889
-1160
3510
3608
4672
-1102
3380
3404
2768
-3488
-4768
-3596
3116
-3574
-3547
-2000
4380
541
4387
2619
3927
-1159
-4065
375
-3573
-3800
4821
-3752
3397
4371
-537
1337
-1593
-4669
1675
-2377
-432
4050
2486
4607
-388
-3211
353
-263
-2510
4340
-3368
-2827
-4403
3844
1515
-3297
1393
-4068
3967
4455
580
3808
-1616
-2400
-4260
4586
-4206
2671
-1213
-2028
-808
-1851
1740
1550
-1685
-1618
-3317
987
50
-4285
4695
-2892
-2093
-2083
-3634
3866
2494
-1957
4647
95
-947
1175
-2234
1729
3623
-2048
4053
-1977
-1967
-2838
-2161
1146
3750
4223
-1783
1934
-2611
541
3968
2242
-2033
1728
401
1136
1756
2171
-53
-1568
2920
1274
-1707
-1733
-4988
1223
-2341
-1131
-2178
627
2596
-2882
-778
-4708
-3923
-3671
4892
4674
-1591
-2468
-1567
1662
3191
-4172
4901
-560
-3603
2968
3399
2181
3646
4570
4601
-2199
1818
2413
2771
1870
4926
-1295
-3330
-1423
-2327
2920
-507
-1619
2902
-4604
-1642
-516
-2497
3421
-778
-166
-2639
2498
-301
-480
3011
3485
-3415
-3655
2769
4937
-1611
-4812
1182
2812
-4445
2531
4655
4813
565
-4516
3963
-4216
1809
-2773
-4328
3114
4800
-3104
430
2741
1334
-4224
-3475
3445
-1317
-1201
861
-4133
1214
-1803
2782
189
463
2775
-4717
4826
1392
-3316
2014
-4743
-2530
1695
2895
-1843
4552
4372
4219
1216
-2211
-4929
649
-1880
2377
3121
-987
1945
682
1153
2661
-351
433
2712
325
4961
-3757
-2025
3096
3874
589
3750
-2342
-2649
-4326
-829
1749
-3662
-270
-2343
-2882
3048
1316
-1871
-1284
-2535
3680
-4608
1340
-3680
-2146
34
3271
981
-1281
62
784
-3177
-4398
-1478
-4347
-2879
-3297
-4545
4628
-894
2504
-1951
1266
1110
2640
3887
-5000
3802
2265
3491
-4914
-1715
3585
-1269
-3160
-3947
-4045
-4776
3050
2220
511
-1938
-2555
1827
2464
-1076
-188
-2008
2789
-1356
-3322
-3833
-2156
-735
3204
2739
383
-544
4820
1616
2367
-698
1130
-3887
4834
1807
1878
1965
-4237
-347
-4868
-110
-471
-2819
1523
840
1095
-2543
2239
3861
4364
3648
-522
-741
-991
-2878
1491
3756
2917
1087
-3160
-1411
-247
-3907
-522
-2860
-1365
-3915
783
1409
-4957
1230
-3213
-1266
-2137
1280
-1906
612
3553
2490
-1297
3334
1975
2616
-583
-742
3651
-4228
1474
721
798
-776
149
-1675
1051
-3341
-652
-1535
3116
345
530
-309
-487
141
688
-4786
66
923
-2497
-1407
4900
-3609
-4234
-4371
4007
4215
173
3581
-4609
1616
3842
-4072
3307
2315
3028
966
-1810
3412
4733
4437
4935
4952
-2332
-1051
-1348
4968
3498
-3986
240
4288
1305
2456
-4744
2003
-1161
2791
-915
-2513
-3393
-601
3964
-1759
-139
-3282
-3497
-2714
4308
3952
-2586
3950
-1655
-3709
-421
-1474
4703
-4585
-2713
-2781
-3769
1404
4432
-1226
738
4754
-3895
2100
-2751
-1405
-1272
-2525
1020
1417
-844
4843
4551
-4978
2734
-3417
-3652
1059
2992
-3741
4414
-753
-3792
-4545
-2071
-4779
-2300
3620
-2091
2801
-2119
2375
-559
2286
4497
2771
-3539
-2151
2543
-3235
-4349
-293
-2893
-4698
4677
208
-1001
2194
-2662
1785
-674
-2180
-4437
-920
-2351
2248
-4476
1820
-3858
3549
3140
4913
1107
2214
-4540
-3226
727
4115
-236
-3012
4243
-3647
-4894
-3296
-3910
-4932
4689
479
4612
3291
-3131
-4248
4815
814
1293
-21
610
2885
-469
-4525
-4443
1020
4873
994
-230
-3629
-2491
-249
3629
-1912
1705
-4935
-1156
2725
-379
-4642
1122
857
2882
335
-3364
574
4084
-655
-4817
-3085
-2989
2664
1072
4877
1330
-3467
557
-637
3810
-2710
-4478
2889
-4096
-2612
-672
-2804
-4981
-1805
3920
-1442
408
1821
-4105
1678
3326
-1269
14
-2545
-2279
2253
3973
2807
1137
548
-4732
-1082
-1143
-3856
-3854
-1726
2696
-4009
1725
-4721
-4113
-3987
1147
-4275
-393
-3452
-1208
2892
-3854
4983
3549
4547
-4123
-3759
3311
3932
3341
2717
-2909
-1795
1974
4009
1541
1417
-3779
2146
-2075
-735
1592
3056
141
-2610
2105
-4302
-1642
-333
2833
-3830
-3287
-483
-1198
-2692
435
-1422
872
-4325
-3005
2682
-2949
-832
-3309
2756
-1959
-1907
-4377
4128
4787
-3290
1427
-4362
-1691
-2218
-733
-627
-4828
-1151
3937
4870
4824
1982
-3942
-3011
882
74
597
-838
-3788
4627
572
808
-2799
3009
186
-3775
-738
-2455
29
4231
3699
2383
-594
3011
1984
-4911
4721
-3477
-14
3343
4396
4660
-1083
4523
-4423
-2056
3397
2348
-1861
-4090
3463
-4992
-2068
-2384
-4965
-2224
-4651
-3230
521
2530
2277
4749
4037
-4427
-1439
-4553
-4943
-3970
3412
1901
134
-4730
1066
3834
-3196
1406
4357
-1044
-1015
3006
-1061
-103
146
3454
1563
196
2221
1627
-4043
2504
2850
4415
-4658
-2943
-3559
3050
4194
-4322
2706
-873
-215
1307
-3775
835
1019
-1409
-1175
4385
-3376
-1375
2011
-3218
3484
1148
2919
-1608
-3168
-3095
-2949
4036
-1888
-2676
2377
-196
2342
-3599
2940
3138
1865
-2621
-4433
-4654
4760
2046
891
-3518
-1658
-2851
4652
-3984
-2767
-2725
2460
-176
423
-261
4503
-4945
38
4635
-4338
3358
351
3863
2584
1103
-3320
-1287
1957
2665
2670
-2764
-4965
4688
2423
2389
355
-1809
-3562
2274
2351
588
-1530
-4031
39
-1793
3403
-3654
2068
1480
-3473
-1708
547
-3242
1192
-1478
-4592
-856
-3563
2881
2927
-310
-4492
2310
-1398
-4094
-3019
2161
-2704
-719
-987
-2558
-3238
1092
1852
-1787
3155
3797
4008
2892
1248
1061
-157
-547
-2394
-380
4788
1988
-29
-2540
-3346
2661
-1022
1396
1895
-4986
219
1875
4219
-866
-3756
-746
3745
1688
-4830
-2475
2619
3420
-531
-1541
-4169
1547
526
4237
443
4008
4829
-3755
780
3487
2590
4299
3420
-1060
4323
1874
2084
4488
-3900
2396
2140
-3446
3212
-4242
-2115
4830
4459
-3356
1087
4931
-3278
3754
-747
-1842
4485
3199
548
4643
572
4642
3333
-3014
-2338
881
2617
3796
17
-3061
-4906
-2275
-2291
3238
-1723
1349
1107
4338
-3761
4628
3392
3023
-1653
-2066
-1630
-4837
586
-2439
-1200
4659
-1141
-3352
-2999
1232
-3468
-2382
-4770
2806
469
3539
892
-1449
851
-1519
-902
958
2947
2907
-2493
-2207
-3223
15
697
4813
-2832
-1586
-1294
1014
-519
-1018
-1584
-841
3551
715
1770
-1139
3568
-746
775
-4459
1985
4922
-3456
-4240
819
-3283
-3962
-1445
1323
1747
-3157
-3149
3220
4867
2887
-2424
-295
-2616
53
4843
-85
2763
1772
2472
3774
2577
-1628
-2331
4437
3387
4934
-1547
3647
2487
1333
-1788
-2476
2579
-4013
2595
3622
-2329
-1522
143
4180
311
-4288
-424
-2846
-2187
3256
2183
-3806
-3322
-1491
-4014
2168
3962
-4179
-1521
3905
2102
-235
3201
-4128
-918
-1843
3724
124
3379
-166
4400
-1288
3210
-4338
403
-4541
-3508
-1692
2691
1625
577
3489
3
4128
-2119
2937
555
4226
3630
243
3364
438
-583
-4778
-2838
-3236
1834
442
3610
1297
-3039
-4149
-4050
1221
-4531
1469
-3849
2721
-1731
-4131
-1684
-2204
-3089
-935
-4057
3468
-3692
-107
117
-2120
-1072
389
-199
3235
4553
-4873
-943
4271
-4113
2221
-4185
-3330
2691
-4853
-4464
2074
-2122
3729
968
4083
1451
-4199
-28
-2139
-2260
-4145
3465
4163
778
-2255
2017
1015
-705
464
4462
1010
-1331
3636
3915
-2524
370
-1408
-2839
-1991
1265
392
4880
663
-1037
-2254
2854
2495
-3521
4851
-1556
873
-3239
3629
-4009
2509
1930
-1912
-4771
1364
4894
-4199
-2151
-4058
-1566
124
3769
4142
3993
4261
-1996
810
-3829
937
-3208
941
-4367
1244
-2631
4028
509
1872
687
-2762
-4698
946
993
4915
-4293
146
2840
4330
-4965
3684
229
1238
-468
3210
935
1689
4239
-2930
-1037
1630
-2491
2801
4610
2967
258
1980
-3165
3779
4189
202
-1187
1434
2020
4720
3363
2375
-4160
4311
1346
2113
-2873
3781
1642
-2620
240
-2213
-828
-2028
-4883
-387
-3974
-463
4207
-2227
3227
4848
1961
1631
4384
-1529
-4744
-2673
-3920
-3950
4072
-1966
-2363
3625
101
-1770
2055
1843
-2148
-4400
3999
926
-2614
-961
-1211
3036
3895
-3378
-4721
4049
757
1706
-1619
-3104
3076
-897
2711
3742
-207
3586
-1350
-4567
192
4787
-2925
2527
1536
-1492
4701
1774
-3254
3687
1872
3055
3468
4869
2598
-4741
3150
1811
-1823
-3881
3450
3786
3230
501
3055
2555
2283
3214
-794
-1556
27
4170
4945
-1725
-1652
-4776
738
2790
4527
2965
-934
-168
-2195
-3932
4766
2060
-1760
665
-343
-1669
-52
1015
-4585
2342
-3302
-2950
-3534
-513
-1157
-690
-2682
421
-2255
4599
3802
3373
-1243
-4156
-142
3149
-1938
3626
-3566
-2935
2800
4247
-3685
861
-2945
-2322
-3852
3006
721
1274
-696
3219
3152
-581
2750
-2304
3328
-904
3976
767
1652
825
4005
-884
-3376
1957
1463
3099
3432
4634
3261
3387
-3290
-587
-3994
4382
-961
733
4494
3092
1928
3152
2807
1721
-4807
-4343
3595
2426
-1873
-587
-3105
2441
-4476
3914
1650
4890
-2260
1037
1805
3452
-3862
3898
-929
-4089
1952
1654
2793
3168
1089
-660
-2544
-2105
-2414
487
2095
3608
1332
-2593
-4686
1941
3319
-4834
-3787
4731
-2955
-227
236
-1615
-703
-4675
3819
-63
3979
-3212
924
-3080
-4253
1790
-1360
3223
3800
-1061
1583
-3839
4399
3912
-2965
-2499
-4898
-2719
993
4689
-1839
-2297
-1065
-4688
-2137
-3366
-1326
104
-4447
2277
-3303
-2490
368
-4579
1445
3841
3523
873
-1885
583
3416
1033
2174
-4635
-3289
-344
4013
-128
1800
-1189
86
1934
-1765
-4451
4712
3927
3898
-2904
763
-71
-4682
-4423
3827
-3084
-1815
3706
769
2218
857
2815
-737
-2827
-4148
-4892
487
807
16
2895
4073
-2384
4218
3995
730
-458
-1346
-2895
-929
-4630
4933
2998
3043
237
1158
1752
-3501
3139
935
-3062
3812
169
3325
-2739
-2198
2927
1563
-2906
-2671
2279
-2563
-4204
-253
-1895
3840
2613
-4512
1702
4564
-1846
3956
4105
-3399
1909
1956
-3522
3938
-1592
2476
1193
907
-3914
2522
434
1377
-2236
-3062
272
-3502
193
249
-2683
2311
-4980
-360
-3159
-3566
-1134
-2643
-231
4981
-1923
1107
-459
-2925
-1677
-3053
3207
-103
4845
-2923
2742
-3977
2291
-1931
-2576
-2274
4803
-4915
-4545
-2269
-3729
1442
-4742
2679
1451
-1034
-1255
4469
-1013
283
612
2841
2769
-2936
4816
-3583
2143
-1162
-3490
1177
-3552
1285
-744
4466
-3146
1256
-564
-1324
3815
296
3815
2724
-1162
-3210
-3208
-2446
2628
3825
-194
-1759
1276
4545
2226
4361
-4542
2100
4375
1435
1874
318
-2421
-1407
378
-861
3260
-1707
660
-1459
2330
-3406
820
148
-4594
811
3051
4847
4329
-585
-1220
2496
4522
-1854
2013
2048
3460
2159
-1455
4586
437
-2198
-3811
3094
-4108
1392
-1727
-308
-55
-1939
-4454
-758
-4578
-2297
3536
-1372
282
-1090
-527
4786
-1067
628
-1971
-888
-3372
-2961
-1900
3247
-3599
-2597
4430
-221
2590
2288
3730
2832
3269
-4282
-826
-364
4416
-1404
-570
1081
-69
1006
-2850
-2607
-4815
-57
-4858
1557
-2993
-4682
-4803
331
2699
-891
-1463
-4953
-3589
-3992
872
-3492
869
4120
2063
-4140
276
1446
-251
474
4699
4700
-4959
1223
1490
1165
-4409
-3023
3137
4696
-1894
1674
292
267
3306
2705
1172
-2217
-1117
-730
2358
-4779
3985
-367
-1275
1055
2717
4251
-41
2028
924
-2837
-4721
-3086
1834
-308
3362
2806
-2843
2669
-3396
4233
4953
2674
-4676
-613
-2684
-954
-2512
3379
2896
3170
-3052
-4154
4681
-4485
-1891
-2949
3508
-2245
3654
1337
2106
518
-650
-1693
-2820
-4675
1266
2010
1612
-755
1686
4382
3956
-2473
4362
1545
-4836
2245
-4253
73
1768
1591
3747
-2411
3028
1396
1219
4333
2053
-1261
3331
-2647
3966
3223
504
-4077
1042
874
-810
4627
-4323
2545
983
-4623
4761
-2676
-3466
-3724
-37
-4659
2139
4484
1608
103
2113
3274
-980
-70
-4279
-1855
-3143
2884
4930
387
-2259
1782
-2249
-4884
-365
-2891
-2383
986
2440
-105
-60
4651
-3382
1072
-314
-1180
-1885
-647
-4011
-2902
-2550
-4544
-4395
4814
2623
-1562
4975
-3798
3901
-4956
4713
3541
932
997
-24
2082
4719
393
2727
-2860
3742
2768
-1367
-1689
-3026
527
-11
1389
-4335
-4533
1496
4241
-969
-1111
-618
-1651
2382
-3965
4474
2683
-4875
-4516
-1234
164
312
-1314
-889
-2604
-2140
4946
3986
-2888
534
1818
3495
878
1561
1856
2249
-4875
-816
-1256
-2139
-2808
-2880
560
-2475
2216
-4524
-4812
-1313
3966
-2687
3128
2563
-2146
-4853
-5
-481
1498
3274
-68
-1094
-776
-3506
1996
-897
2904
-1630
-4939
4756
2904
-4032
-1083
1790
777
-1328
-1285
2908
-534
4174
-2364
588
-3523
-2038
-2674
-3374
2980
-1478
-790
3928
-2855
-3292
-4716
-3527
-1672
683
4360
-2549
4706
-3640
737
-4113
-1792
3390
3774
-848
3706
1163
1051
-4101
2150
4804
4224
1866
1674
-1677
-1200
-3137
1459
3181
371
-4709
-3735
-1116
-4134
3140
-4933
-4377
109
812
2299
-3034
-2673
3114
-830
-301
-4167
4421
-4065
3594
-1064
-75
2601
-99
3924
-927
4494
-3035
-3353
998
4668
-2855
3228
-984
2122
1163
2207
-4674
3190
-973
250
998
4821
4960
-3492
3459
3297
3999
-4305
-4750
-4368
-1961
-4282
-3053
2945
-2812
-1568
-2000
4637
201
-3030
3984
-1635
2181
-131
2976
-3839
-3946
3907
4497
-126
4973
1007
4382
4467
3962
-3094
-896
-4807
-182
-806
-3320
-2247
4055
320
85
-2986
2792
4572
1042
-4662
1177
-2428
893
3223
-1195
4824
-1018
4788
-1115
-2558
3345
-4025
-1775
-1903
866
-2098
-547
-3763
1710
371
2463
3671
791
863
681
1390
-887
-1384
-3005
124
2504
-2582
-3378
-332
-2592
-3789
1203
1231
2323
521
2928
-3349
-2509
-3960
4192
-2457
-4346
4219
2908
121
2168
-2268
-2480
-877
-2163
172
1300
2449
-2306
-4559
-93
3144
3658
-2416
-2065
271
249
357
4854
-1677
2475
930
3537
-2386
-3564
-1756
-2295
-833
-1781
-2900
3414
967
-932
4623
-99
-1514
2052
-1181
123
4335
-4059
-3118
2609
-3424
3584
-434
-2233
4827
1664
-330
-4550
-2866
-3518
870
2792
1609
3253
868
3132
2018
-4066
1085
-1728
-1341
-918
3005
-2431
-462
2162
-3554
4263
513
-2338
3171
3909
3410
-4845
-1284
-1488
522
3860
2442
2683
760
2437
3857
-655
-3723
1092
3004
-1309
-1055
884
-4715
-3238
1585
654
-735
2277
2421
892
4938
4991
-4328
-3540
3038
-380
4680
1413
3463
4417
-1232
3189
3244
-4697
3137
-4671
1862
-2312
-3552
1163
1805
-3285
4489
2408
2555
-4169
-3771
-2549
559
-1776
2313
3788
-2074
-27
2565
-3481
3770
4716
1534
-1834
2681
4221
-4879
2106
-239
-1089
-2243
-2101
1002
-4644
-854
-895
1805
-2173
535
2537
-2011
-760
2225
2686
456
-3360
3106
-828
-3318
2825
-1387
-1003
4885
450
2024
3453
2358
-3649
3764
-3722
497
-667
307
2489
3772
2219
-676
4493
1861
-1891
-4424
-2544
3174
3244
-4830
-54
4368
4278
1918
-4721
-4841
117
4292
1747
3711
3281
-2072
1357
-4552
-3201
509
-2973
832
3320
1532
3290
-4181
3674
-2648
-2640
-150
-3333
4993
-594
-4568
-256
1676
-2646
4564
-4922
10
1754
4648
3248
-3048
-2903
4300
-164
3848
245
-3006
916
659
-1587
-2208
3476
482
961
3575
-1906
-1412
1103
2543
3736
4625
-780
4409
593
-279
2256
75
3597
3751
478
4368
3750
3977
-3823
-684
-4163
662
1822
2423
4373
-594
1521
-4955
-3515
4770
3324
2092
2485
-987
4844
2150
2998
-809
-3936
997
730
166
-3710
-1365
-270
3841
-4622
-3732
-4387
3536
1324
-136
1075
3981
-2646
-1609
189
1980
4188
-3100
-412
-4492
2456
-3787
-2998
1887
3249
494
4149
3724
1842
4675
4340
1415
2864
-4052
-1850
-4320
-3840
-4534
-4926
4966
2861
-918
1853
2860
-189
4145
-1541
1451
-3659
4682
-1811
1716
2463
3803
3079
2621
-946
4173
-2765
3061
-1241
-1991
4454
3077
2055
-41
3650
-353
-631
-4015
3394
4296
-1722
-345
-792
854
3464
2962
-306
3332
2657
1035
-4449
-1964
2871
-2015
-4986
-1818
-1569
2733
-1103
3579
2654
-654
-3359
330
-3456
-809
-968
3007
-653
3784
-2908
2927
-680
-599
4889
4884
193
-4000
73
2142
-4870
3086
-494
-4566
1022
1461
-2669
-4476
1797
4616
81
2699
1346
-4376
-4924
-1348
-1771
-2527
-1089
-3638
2203
-2262
901
2251
-4229
490
647
-4933
-4300
2197
3264
-4433
-1041
1644
1820
-3691
-4998
4424
-2248
-1931
2579
-3616
3228
913
4721
930
2687
3573
754
3513
-2071
2009
-4134
-3937
1684
1706
-1752
-2974
-4695
-3808
-4044
3792
-4491
86
3432
-1007
-1093
-2035
2037
3198
-4054
4733
2494
2679
-3103
-3314
-2608
-2095
-4163
1864
3210
1469
-2382
-2389
2360
1745
1841
3852
-165
4106
-2422
4174
-2421
2245
-2705
-1794
-3586
4871
-4019
-4899
-1508
-774
-740
-1114
1836
-3781
1729
-1213
-4749
2164
-2291
-4398
1427
-3627
-4768
-348
1838
-3346
-4443
-1721
2700
-3976
3139
-2331
3052
2211
-4172
-3906
-3983
241
974
-1488
-35
-2290
-675
-3390
4913
3135
906
-4196
2736
-2307
-3011
-178
145
1618
4465
-2134
-3885
-1784
-1661
4990
1906
-3747
-1476
3623
-3365
-4388
1152
1742
-919
-4251
1317
354
3757
-4482
3787
-2660
2648
216
3811
-447
-922
-1501
4472
4411
3838
3465
-4034
-4077
4537
-4476
2351
-3693
4482
-2356
653
2258
-4878
-3763
-1823
-797
1450
-4210
-1674
226
-2591
-179
-2179
4593
4940
-1936
4189
-2947
-3351
-3372
3901
-3144
880
1138
-3474
-3366
-3119
2917
719
-4674
1377
1947
2894
3856
-3167
-3429
1560
-3397
-610
4823
1512
-4340
-3895
319
-3039
3681
3411
-4410
-1435
1787
-634
-2190
-3105
-4782
3924
1494
-875
3390
-3824
270
-3439
-3086
4097
2017
-2184
3905
3594
-2679
-1344
2384
3866
664
2351
4218
-640
-2127
-2938
-3712
1770
703
3180
1361
3178
-3291
538
863
360
-723
-1878
-1999
-3335
1025
4221
-1229
-4913
2250
1400
-1057
2811
3790
1792
3157
-2674
-3208
-4171
-2954
-3419
2422
-1490
-3662
4409
2339
4712
-3379
-3367
4107
4161
2206
-992
-4242
-4390
-330
-759
-1689
4426
-2504
-4537
1412
-977
-2737
-2850
3552
4582
-1284
3073
3503
4981
1592
3293
3761
4045
-2971
143
-3761
603
686
-2162
-1693
-3370
1768
1497
1024
-1700
2511
-126
-696
2167
-1262
3248
3991
1832
-4019
-3252
205
2679
816
-1796
4828
-4953
384
2692
-1909
3574
-1602
2052
-4113
2081
-854
3929
1704
960
-98
-3964
910
4483
-693
2276
-3116
1232
3722
-2920
-3896
4105
-2424
-2630
-2944
3173
-4130
4039
2444
943
-3477
1112
-905
-4459
4664
4906
-3399
31
3716
1266
-1660
-76
4784
-276
-2715
4770
4408
-1056
903
2535
929
4473
3165
3934
1430
-3999
-2045
4097
-2104
-2614
-629
-4592
-4756
189
-2287
-111
-1137
2995
2939
-2912
275
1381
-1217
2818
-3865
3225
2994
-1408
-673
-4636
774
-2264
-2597
-3105
-1144
3045
3753
2375
4036
4750
-3259
3892
-1496
4785
-4007
478
-4622
-265
4040
2033
2475
3363
3903
-2076
-1857
2133
-3719
170
-3100
3397
-1732
-3872
4436
2342
890
2646
-1969
1795
-3958
-2341
-4051
1519
3029
-3161
3376
3329
6
-1452
-4049
-4277
347
3905
741
-3473
-4155
-2003
4950
-1352
-2109
2759
-1006
1762
1253
-3933
4324
3017
2675
-4521
928
-3159
-525
440
1224
-1956
-2687
3423
1310
-260
-3756
4441
-4285
3697
4395
-4510
-4216
2003
-2529
3419
1789
1329
3949
-3624
-878
-4481
1489
3594
-1366
-4553
4497
1012
-1944
-3573
3514
-1515
-740
1960
1633
4315
3412
4105
-4439
4762
-1452
2593
-889
3569
2791
-335
-294
-4716
-1826
1325
3033
3668
1169
1333
-2106
-935
4994
-4650
-4918
2123
-2509
-4395
-625
-2966
1460
1378
2830
2864
1262
582
4817
-2773
-4084
-2973
167
4872
-3821
2029
4829
-3696
571
198
363
-4541
-3438
-4569
3226
2901
2654
1106
3205
3503
387
-623
2026
-3905
72
-2849
1788
3278
-1710
-289
-2664
-4565
-1194
-1260
-2773
-3166
-4998
-275
-1639
3210
-3190
-3936
622
3300
-3549
882
-2631
2247
-4772
609
1145
-773
-2972
-722
-4039
-3867
2167
-1088
3362
4900
12
193
1179
-582
4195
-1594
-1468
-3276
4735
-2322
-4810
-1218
-2050
444
-2385
1294
-1102
1863
-2976
639
-498
-1323
3602
-2394
-3501
-1317
-3727
-4491
-4144
3943
3015
2239
-4293
1965
-4389
-1432
4822
4154
3831
2548
197
-3871
673
736
-4688
-2380
-3982
1422
-3386
4782
4358
2969
2630
-3488
-4859
4737
122
2634
-4343
4942
-4331
-3713
2277
-4299
-2121
-3417
4592
-3963
-3266
-4155
2510
3410
-792
-3335
3534
4038
-2584
3349
-4664
-474
1362
-1148
1770
3452
801
3878
-723
-3082
3125
-4413
-3287
1559
-617
860
916
-1141
-359
-605
-1524
4429
142
1744
-708
-2654
885
4763
-3033
-1598
-3603
-403
4588
2622
770
1063
2105
-3553
895
-2356
2055
1278
4393
-4142
2344
-3559
768
248
3028
-3288
-4450
-4712
1356
-572
2639
942
1596
-3557
2214
4595
1841
-754
-2425
-2445
3020
900
3980
-1553
-2296
3812
367
2264
-854
2790
1207
4158
-3954
3136
-4333
-4875
1503
2651
-1777
1337
1223
-2814
-3465
3582
4469
216
-3945
1434
2119
864
-4460
-3608
2336
2715
-14
-645
-4306
-1368
-158
-4754
-104
-3716
991
-3832
3542
-349
-2489
-1254
1803
-3888
1639
-1300
1454
2875
2083
1432
2863
-2348
2010
134
-3801
-469
4189
-3753
-2886
-4948
3444
3882
-2483
1666
4220
4555
1629
1330
4523
10
-1386
-1020
765
2596
4903
-2924
-4402
-1816
3753
-541
3715
4095
3649
-2491
-495
1994
2350
3150
-3486
-3313
2707
217
-1146
1446
-1490
3381
1885
-4383
-3971
-1156
755
-3628
2733
-2290
-4315
-4968
-4475
-1983
-365
3700
-824
-4215
3280
2058
-2878
2668
-4872
2023
-2106
-1337
-2441
-1685
-4639
-2783
1132
-1400
-1017
2225
-4328
-4349
-1490
-4796
3100
-207
-32
-3610
4544
3559
1690
1030
-2514
3182
3063
-802
4121
-4633
-666
-4805
4321
-2974
3862
-1544
352
-3392
-181
-3085
-38
4767
-4351
1158
3291
4365
-2799
-1124
-1599
-1491
-1
2604
3755
-2393
2498
-2679
2380
-1013
2070
3939
4017
511
-118
4092
-522
-4820
-423
2086
3638
2149
-3807
-2439
-3799
-3651
-856
-4409
1676
892
340
2657
-464
2500
-3583
-2055
-666
4976
-1097
784
-2495
661
-3514
-3465
1709
1559
-4660
-3813
2429
-3578
-1308
1305
-342
-2321
4031
-513
-77
4169
-832
378
-2734
2501
1396
-1840
4222
-3134
-2270
941
728
-4464
3497
-4195
2389
-1750
1419
-883
921
1676
-2341
-4869
-3176
-2434
-1623
-2531
2343
192
3206
187
-856
1424
1694
-4225
-1951
-4780
1233
521
-1757
2040
-2024
-2882
2559
-1417
-3479
538
-3882
-4465
796
1890
2279
2698
2509
285
3546
-4997
4288
4116
-3365
-3398
423
-4390
469
-3657
-4050
-1583
1831
4080
-3069
-3583
-2663
2843
-3201
-95
4173
707
-972
3310
-582
-3734
255
-2946
4089
4508
3390
2628
-3971
4277
-4556
2198
4204
2587
-189
-906
3663
4003
-2215
-3344
285
1741
-3433
4470
-1901
1940
-3312
2704
4444
2982
-1269
-94
2494
3546
-3627
2676
3187
3842
-2658
-4037
-3265
-4912
4896
-860
4021
-4491
-4111
1125
3538
1750
-427
4167
-1549
-4331
-2587
-2124
-586
3508
-31
-353
3011
4078
-2667
1825
4176
2223
3699
-2786
2181
-2499
2604
-249
4320
2102
-793
-1620
-1169
-285
-454
-2967
-711
-1607
-4577
-1023
-3521
3980
3326
-4881
755
3451
4036
3204
798
-3793
-2696
3243
1148
-4494
3228
1550
3826
99
4633
1542
-4811
-1269
-875
4103
1883
525
4235
-475
1147
3487
-1680
-15
-3180
1692
2047
-1707
1295
4157
-1792
2623
2152
239
2577
1127
2792
2433
1427
-1564
4746
-1053
2213
-3273
4981
-1915
2613
1568
-1826
2463
-2665
-549
955
-3948
-1742
-310
-644
3506
3334
583
-3330
4710
3720
317
-790
-2039
-1591
-3803
3953
-439
-3904
4055
-1279
3196
-2974
-1020
-1279
-2015
2275
-325
3022
-3526
-1496
-2111
342
1239
-2018
4402
892
-569
-337
3818
94
1337
1802
-3084
2198
-2962
-3760
1651
3620
2434
-761
3177
-3904
103
-2090
1234
2004
-385
-4837
-4388
4849
-3230
734
1051
392
-3861
1601
-110
-942
-3350
4821
1642
4351
4388
300
-4655
-3426
2034
-3072
4892
3393
-2263
-4002
-1910
4622
3408
4272
-4802
3001
2683
1586
1728
-93
-4411
3003
-2398
-30
-4020
2170
-2558
577
-3323
-3566
-3999
296
-140
-4560
4645
3932
-4317
-1315
3499
4015
-1234
1380
-235
-2224
-93
656
-735
2249
-392
304
-1992
4455
-1347
-820
-4732
-4157
-3762
-1090
2140
-4687
1988
2284
-2618
-4546
4231
2907
-413
-247
3001
165
-908
-4488
1580
4412
4936
3455
1664
-4917
332
3280
1919
-3437
-4572
-2220
3156
-2078
-2014
1168
2689
-4737
-338
3314
1193
-2111
-3012
-3615
-2947
4078
-2416
4638
-850
-1757
2696
512
-1226
4409
1111
1208
450
1771
-4611
-2218
-3257
2988
2738
531
762
-4907
3138
-4232
-2636
-966
422
-1000
-2803
54
2677
3883
-1753
-3822
-481
-572
946
2027
456
-1000
-362
3593
-2498
-1516
-1902
-1301
-2177
3478
-4783
844
-200
-2871
-2558
3370
-1761
-3845
4908
-3105
-1010
3459
-2863
-3227
3596
2723
702
4354
-1335
-1870
4576
-2754
60
-3459
-1001
3980
-1812
3551
2627
-1507
4837
3581
1577
-3075
-4539
3488
-297
3275
3701
1645
-853
-2843
-2390
-2301
-4684
-2005
3969
2106
1874
-480
-2953
1199
-1986
3347
166
-2015
-1067
-2625
-4188
1729
-2466
-2327
3907
1132
-2896
215
-2649
4489
1960
-1538
-1235
-1140
4375
-3881
693
-1677
-1009
-769
4803
-2601
-2233
594
2059
-932
3980
-4430
-4563
1672
-2716
-3590
-331
1562
2834
4
-710
-3221
-1995
143
1909
17
-777
772
3021
-4944
382
-4870
2032
638
3913
2768
-1241
-4198
4537
1420
1594
369
1118
-3792
2422
-3328
-4467
2715
-2444
-34
-4265
2816
4316
-4744
-1582
-1056
-4745
2902
2015
4417
-268
-3980
4353
4966
1914
942
-4036
3897
4
3333
2471
-3621
-572
4988
4352
53
-3568
2704
-2213
-72
-3367
-528
915
4205
4521
699
2758
-1159
-4629
4336
-171
746
-950
-2600
-2408
-1747
483
1941
3635
139
4776
-3203
4357
-3600
-1951
-4948
508
892
-3173
4434
-595
-1815
189
4459
-2811
2897
386
1443
1030
1177
-2716
3652
-1808
2423
-3137
898
-3044
-2144
-1450
-507
102
2532
-912
-3702
2706
-4207
-3664
-4923
3908
-4270
-1817
3854
-3537
4217
-3336
-3767
4563
-1792
2793
-4676
-2205
3889
631
-4712
-333
-4277
-2738
71
3274
3298
-1821
-1045
2635
-367
683
2157
-2664
1648
-3446
3561
1544
-2108
-2578
-1864
-3789
-18
-1897
2504
-3102
-1934
-3012
-2587
-4521
2807
2686
112
604
3348
143
1290
-4450
3145
-4961
3155
-4862
3580
-2976
-3833
4751
1902
-1357
-872
-119
-1362
2230
2304
4857
-2006
-3744
3532
-3960
4969
3881
395
1027
4828
-850
4211
-2471
1309
2139
-3532
-3234
1907
-545
3196
-128
4544
4030
2677
3281
1652
3832
592
3117
-674
315
627
2015
3802
-1887
529
-4133
-3526
-3675
-2027
1526
-503
1497
2851
4676
-2083
-547
940
-224
234
-1858
-3719
444
-1662
3004
-2763
-4794
4616
4459
-4138
1684
1510
-3851
-392
4650
-1294
452
734
-2195
3918
3016
-4266
3166
-2408
4226
3256
-727
-1494
-3821
-124
-886
927
-2130
-100
-4931
-4359
-4658
-3565
529
-3940
-2567
164
4965
1097
3155
-325
3070
-379
-1073
1191
4111
2144
1406
4243
2404
1925
-2117
1185
4172
878
-3330
-4757
-1121
-3345
-4491
-4810
1888
2217
-2674
-2827
-4138
-2053
3913
-4437
-1447
-3572
-3111
2787
2390
248
-4614
598
455
3135
-2563
3124
2912
2687
2794
-128
-2562
-266
4777
4541
-527
-4344
-1082
-4412
-1648
-4640
525
-424
3890
3097
450
-208
842
1995
-1989
-2328
-4230
3719
-3517
4165
600
-1786
2146
2775
915
-2815
4228
588
360
-49
-3161
-3954
410
4246
2844
-3200
4558
2131
-3120
-3889
3335
-1975
-1186
1784
2569
-1482
2698
3427
-3662
-4248
4549
-3472
-716
-2323
3413
4615
3660
1962
-1714
-1481
-2184
-1444
-4924
3402
3359
2483
274
3156
-443
-2665
3734
-275
4115
1876
3458
4347
-4599
-3199
4226
-638
3350
78
-2111
-3379
-3868
2513
-2381
-1830
2452
2818
2458
4092
-496
3386
-3116
-1429
-3357
-677
165
-2280
-542
3295
4610
4667
542
-4119
-966
-777
1047
-4790
1998
2154
2421
3292
2264
2739
-2228
4059
-3046
1022
-1176
179
419
-3926
7
1528
-2237
-4209
-4332
2277
-3188
1740
2039
-636
-1153
152
-2148
-795
-3076
4698
-4649
2295
361
-4004
2451
2260
-4180
-3674
-3343
4173
3380
3421
4481
1584
-935
-3393
-3516
129
-4146
-3933
-4419
90
-883
3819
-4998
-4602
4854
-2503
-271
-2521
-926
4505
493
872
4096
2204
4169
-397
92
-2952
3203
-4807
-4698
-990
3014
2727
2221
455
-3722
221
-988
990
1233
3960
3943
3823
-3554
1725
2190
3330
-570
-3647
61
-2884
-3522
4813
1225
-2478
-2481
2794
-3373
889
-1557
-1725
-749
2374
-3531
-1119
1978
-3816
-1094
-4927
-3277
3363
2911
4503
-1994
-4851
2490
-1537
-562
-4520
-518
179
-2459
-1491
-3302
2974
-1799
1583
-2262
-2980
1537
-174
8
-662
2389
2973
-3872
-521
-3274
3728
-4485
-3833
-4348
1180
-4464
3443
2774
929
-4252
-2962
-4774
-729
-3665
2476
3090
2057
-2098
433
-3280
1205
-3558
1670
3807
4243
4793
-3360
3269
2386
3539
-4781
-4279
-2896
-4813
-1987
-2140
-2662
703
-3260
-4269
-1396
-1185
-1127
-4690
1875
2214
-4151
-1822
540
-1170
-3419
752
-4294
-453
2731
457
-4155
929
571
3417
3339
-2083
3737
3866
2740
-227
-4809
-2733
-3778
-275
-506
-3173
1662
2103
603
-3937
-4007
-3457
-919
4868
3415
3556
-558
-192
-1728
1270
-4419
-1594
2515
4297
2611
-3911
3402
4093
-2992
-4014
-1952
966
-2046
3892
-4270
-3714
3853
-3035
-3774
-4665
-1387
-1672
-1337
-4359
2880
-520
507
2911
-2861
2132
2653
4675
2326
-1921
-1225
-1651
1121
-902
-2771
-2389
4868
1615
-4099
1604
4649
138
2152
4715
-706
4906
1859
-4446
3640
-3396
4476
-3695
362
981
691
-4494
3136
-2339
232
-3558
-2354
4511
648
-3383
-2618
-2763
-329
-2863
2421
334
-3875
-2958
1918
1349
-3327
2952
-2232
2700
-3074
431
4684
3202
3937
-2039
-3805
3423
-1367
-3154
2945
-4782
4869
-3198
2446
4794
3964
-383
-1537
2823
2305
-289
4938
4106
4752
-3844
2220
4876
-3903
-3950
3374
3340
4936
1835
3774
3120
2210
-2676
1834
-4454
2713
2056
4901
1928
-3255
-1706
-3209
1950
288
4125
328
1809
4084
848
2037
-1701
-498
-831
-594
-3855
4115
-4558
-1443
2051
46
-404
-2890
3899
3783
555
1284
625
4544
-1636
-2207
-3436
1043
-297
-1217
3777
4155
688
2105
1234
-1359
-3293
-655
2642
-2646
-4883
3007
3748
-3213
3843
-4664
2241
-1343
-1237
1363
-1356
-321
-4233
-269
-554
-2504
1992
404
820
-358
-4709
2721
-4838
-4532
-3550
869
-2343
-2132
-262
4850
3323
1571
-1702
-3260
1814
3983
811
-2335
-1660
2904
2458
-415
-3035
4126
-212
830
3530
69
-3054
1146
-3048
3345
-1590
-3569
-1669
3497
-562
-4853
3688
3518
699
-4540
-3902
2174
36
2788
3856
1780
2880
180
3289
1019
-2576
-949
-620
-4082
3908
-4814
4432
-1738
1756
-3632
-1558
-2596
1204
-4549
3608
-2886
-171
1097
4407
-610
-938
-3394
547
3441
-3016
-4306
-998
823
-2713
4564
4283
4211
3807
3021
-366
-766
-3674
-1118
-1815
635
-1899
-158
-509
2684
-2389
1266
-25
4189
4549
-1234
1901
1273
3812
4486
-2516
4850
-4963
4181
1072
1341
552
-152
-640
3642
-2367
4721
-3044
-4078
-1012
3479
4453
-4393
-2606
1986
-1105
412
-481
-657
2927
-1413
-2522
-4652
4005
-4138
3994
1355
-3549
2564
-4826
-647
-4281
2739
-3934
3067
1450
-4998
-3559
2802
-2398
-3056
1396
-203
-1345
364
2202
-4036
-3214
4725
226
3676
1312
3877
-1035
2839
2507
-3126
2904
3476
964
843
1378
-254
4448
4459
4655
-4282
21
-3286
1132
-4508
-1800
-1191
3927
-2717
-2256
-3388
-4893
3233
3588
-112
-1087
-1036
-1262
-2907
-130
-1636
-2555
-4184
-3668
-70
-4290
-317
4310
3833
1584
336
1407
3813
994
-4566
-4713
-1041
-4561
2703
-514
-4507
4337
-4513
3219
4088
-33
4216
-2976
-3437
-4654
-4323
11
2439
-2081
2394
3663
3814
715
-2237
9
3695
-3236
704
-2065
-299
-3309
4404
431
-2691
1868
-610
4963
2536
-4142
-3920
-3421
3057
882
1917
-2189
2184
-187
165
4973
-3917
-1301
-3941
4903
2430
685
1926
2182
-2477
3609
-1722
1190
1521
4051
-3352
2556
4651
-1168
2493
-4170
-3299
-4700
-4731
3888
3610
1692
4087
2110
-4309
-2868
2196
-4065
764
2272
3951
4084
3093
3491
-4012
-2643
4062
-2281
417
-3957
-4212
-1721
-58
3232
-4451
-2812
-1366
-2104
-1702
2366
-2060
461
-920
-2423
1930
1872
-1653
932
-633
1111
2586
-870
-3552
-3564
90
1663
3129
4726
-2734
1380
-228
-2836
1925
-633
-4450
3071
788
-4075
3783
-4565
1436
-1318
-2572
4874
-621
-1737
-4388
-1133
-9
785
4
-3832
4701
1059
496
-2661
2654
-4821
4089
3430
734
-4299
4556
-228
-2231
-3794
-2348
4361
436
-343
-2450
3725
-2912
955
661
-2154
3924
70
-3288
-233
-940
2685
2324
1377
4264
1577
-3001
3957
1139
807
-3212
-3581
3142
-3770
-653
-33
261
3562
-4539
1453
3301
784
3699
-2525
3950
-1522
3531
878
3878
3860
-2629
-3325
-1477
198
-2953
2336
2999
-1700
-467
-4591
2847
3510
676
3129
1299
1118
3654
-374
-439
4500
3581
-2905
-4936
-1638
-1418
131
-797
-3857
-3353
-1782
4929
-1075
1977
-1630
4063
-136
882
3113
3384
1384
3587
1038
-2871
-4217
4370
-2379
182
-2362
-3887
-781
-3027
2134
-3571
-2412
1141
-1879
-2034
-3380
901
2873
4556
-345
-3076
-3973
4172
-1929
-3676
2667
-4104
-3792
3058
3881
-1799
723
2587
3382
-3562
-100
-4310
4505
1058
4683
-4778
-2881
1979
1724
-126
-529
-1451
-2738
-3570
4765
3182
-4145
-2137
-2266
-3322
-1322
4318
-4278
836
-770
3480
-739
-1565
4371
-4583
3562
1354
502
-4542
1174
3166
3013
1743
3103
-2896
-2811
-1992
3380
-2145
521
-1710
939
-4944
3946
4464
-1305
1851
2082
439
-4852
1295
4096
331
-3755
-3306
2091
-4165
-3803
-1706
2588
-2712
-7
-4737
4069
511
3592
2553
-4357
1900
-613
-1173
1523
-2693
-3180
-2631
2688
-4297
4597
730
851
1262
4833
3474
-2459
2775
-4308
-793
3839
3189
-3658
-3233
-1315
-1419
-2793
-96
307
-662
-3205
3829
-1796
-1947
4076
1425
208
-353
905
2117
2512
-791
1043
-1789
170
1015
-3333
3273
-2897
1726
-105
4885
1889
4540
-4666
-4114
307
1238
1410
4086
-4327
-2934
-4891
-2905
4220
1258
1329
2746
1213
-2264
-3180
-4148
2401
3279
-1324
3485
4601
-1322
1802
-3479
-2378
1873
3947
-3896
2787
83
-3413
-1704
-3437
3238
-3452
1290
4873
1338
3947
-1953
3677
-4415
3262
-3991
4191
-4735
3471
442
-2394
4188
4979
2276
1862
-4685
3633
-3008
-3543
2707
1168
3729
-2474
653
1012
-2244
-850
1081
-85
2826
-2517
874
-764
-3414
-3570
539
4023
-1931
1538
-3896
-899
977
-4700
2672
1535
-1631
3293
-4681
3985
-3371
2453
-2673
3258
4345
4722
-2244
-3965
-777
2031
-4323
3616
2476
4312
764
4556
4471
-619
3875
4254
-2844
-4524
2695
-1943
-3938
2917
4309
-2611
-2467
-4841
3282
-57
324
-2856
-3765
3720
3901
3095
-2153
-2217
4738
-637
-907
3479
1532
4282
3068
-4142
1208
-1976
-1004
-3726
1018
-2055
-564
2543
1736
-1747
-3072
4915
-945
-1493
-1989
-1810
2617
-4879
-2181
613
-3202
-1969
209
-1280
-2790
3789
3668
2223
4676
1696
-4977
-931
490
-1309
-1764
712
2343
-948
-2012
-4012
2366
3049
-1314
-1452
-3271
-2296
1400
-3234
2469
4460
-1064
-1228
3823
-1469
4764
4149
-4013
-3487
-4778
-4251
-1295
3446
-667
-2573
-4858
-1901
-2525
-2328
-3558
4522
812
2508
-4819
-2756
-4688
3295
1787
3207
-4790
2167
4573
-1536
-764
4080
-4758
-2852
-3274
-2316
3256
-1470
-275
3993
-4666
4733
1768
-454
-3350
366
664
-938
-1318
3360
3099
113
-665
-2995
-883
4517
652
572
-515
-1816
-483
3184
-1182
3681
-2640
330
3339
983
-4237
-1477
-1357
2147
2238
3656
-4548
3983
-4350
3486
2745
4380
4150
1782
3225
-2140
3200
1776
-1760
3684
3866
2912
4561
-3150
-2749
1620
712
-3109
2065
1735
-99
3533
1692
-815
-1160
-1100
-3697
2943
4923
-88
-557
-2125
3556
-194
4634
4402
-4091
3528
2965
-1100
1185
-1071
-458
-1787
89
-3487
4012
-4930
1293
172
-3689
2725
-4565
-2233
679
3743
-3450
-3577
519
837
-1278
3246
4493
-2376
4445
4304
1376
3849
-3940
1682
3778
-2715
-846
485
435
1178
-3399
2310
-2053
4127
-2605
2794
-790
4461
-2356
-4387
-4234
1176
-584
302
1702
-4400
697
2365
-523
4885
-1977
4400
2959
-483
4244
-3103
2192
-4106
-652
-4752
4178
4548
824
2403
-3959
-1835
2723
-2632
120
-1459
-2207
79
653
-3240
-3061
-934
-4324
252
121
-977
-983
4810
-2601
1661
2211
-2534
-4716
591
1156
768
-3929
-254
-425
1702
22
3374
-1338
-1977
-2280
2431
-4570
2488
-14
-4972
4261
509
-1024
726
-1599
2295
-1928
-4383
-4504
-2042
4234
-4663
2569
-819
-1801
-4833
-3695
-1238
-731
859
4988
-1551
385
2463
2951
-4487
-3701
965
-2573
-4081
-4728
-3237
3065
-3668
4020
-2763
3755
2300
4791
80
-591
3526
-1577
3371
-3025
2554
3591
3158
484
-4510
-2075
-2597
2480
-3903
3066
42
1977
3165
3868
990
-311
-4890
-1225
272
-4952
177
3876
-2659
2660
4252
4662
-3152
3482
-252
-1509
4261
-527
-2595
1857
-2027
3888
2136
1685
3778
-3486
-3545
3183
301
-1869
-1344
49
-4683
3485
-4214
-4049
-1357
332
255
-1307
3028
-1118
-4172
819
-4547
-362
2990
-4748
-839
-2818
3237
-631
-1710
-3255
-4606
-2667
1233
-4835
2921
1086
2964
-172
-2977
-1897
2292
2868
3224
-4292
-2056
-1950
-2968
-4051
836
2911
-643
4117
-2362
-261
2917
3734
2972
-2883
4757
-3165
-4582
4681
-2630
-2970
4447
-2251
-523
-177
4289
-1575
-3521
-670
314
4004
3035
-89
3389
2838
