300
-3313
-2689
-2779
-1572
-1346
-1301
3658
1116
-4814
-3836
502
-2866
3644
-739
-4202
-4116
941
-2628
85
-2759
-2551
-1720
3806
3526
4206
766
2328
4331
1779
527
-1246
-2694
-378
4706
-3320
-576
294
-460
4058
4297
-560
-3780
1894
-2943
1057
-3075
4180
-4257
-2038
-2796
2171
2810
-1874
-3162
1532
3359
-3
-4209
2017
-1180
-3474
-3225
-3348
-2790
784
-2073
-69
-3189
3769
-2170
-3273
-3409
-282
-1751
-1094
3088
3589
3124
-357
773
2787
-2184
-1462
4760
-1980
-3611
-286
626
-1887
-3362
-3206
1485
4442
199
3704
-2443
1792
4069
-3588
-1728
-232
322
-2818
3896
-1955
3231
3668
4822
-3735
995
1095
-1554
3231
-1407
-2335
2225
-581
-2244
3380
1794
-2421
3188
-4721
-2163
2764
2519
3883
-4963
-1281
4159
-2999
-4741
3578
-4275
-2253
3129
3508
-650
4593
-3071
-3778
-1528
-4922
4551
1525
3659
3636
-4472
3356
-1482
-791
-1430
-1112
4646
2884
-260
-903
64
-4612
123
284
-1977
4601
4913
-3453
-1354
1641
-2395
-4995
-1591
3045
2195
4098
247
4731
-4014
3321
4314
-4635
-3868
-3499
2688
-3419
-3289
-1689
4612
2536
4165
1642
4704
-1751
-2259
-1118
1835
-3840
-4713
-2828
4209
-2705
-4565
-1174
320
-3911
3821
4292
882
4504
-3442
-4316
-4000
1757
-3952
-1272
-3848
-1765
-3853
1535
4682
-701
611
-2530
4534
2458
4656
-3544
-2578
804
-268
-4527
-3060
-4789
-4311
-2905
2284
2241
608
-1624
-1842
3720
-1922
2853
4753
-1688
1190
-748
-728
-4690
-2515
-787
1055
1400
-2743
-3714
1721
3275
-4944
3998
-2784
-1992
4579
3474
-2914
-3890
-3997
4589
-4252
4367
4350
-967
-3807
999
149
-2845
-1242
-2482
-1210
2647
-1528
-2902
2283
-2184
2914
-2990
2539
-4818
-4792
2448
-3604
-578
-908
-1348
-4014
3574
3638
4875
3060
1017
2667
3431
-692
